$ANSIBLE_VAULT;1.1;AES256
64653630346233616464366635373039356638653833376333303039623339626435303436326366
3634376630636464356633626333616437303365303033380a646333666437383364343034386664
31613763333538333139326532343636613162326561336436353237643762343736636439386562
3466653633616136620a623439333037613035306564643636623366613639613365663031363266
38313239376563353761613162613538346264646533393438646230306431643634313534363731
35646362633733626639393266613533353231313664633865396663383165313863323962633766
34366434383937386530346262326631373138373334363338383130373731633363653263393763
33316339323838336661313635613131633534343631323530326335313665363039363834343636
62653739663261303863383163656165343664363665656338623530303765633561373538373363
37356634633835303863363964323863633165393535386335356337306566616461643539326566
63303332373637366330363265356632666133663663653062393530376361646531343537323163
37646631636332663237326462666336643239373933303662636361383833393333643935353764
64363662626330336566616133623338346562336163613561396130326133636636313634633266
32303331653538313036303461326465303231643830646563346235313063623130613633666363
38363766313835333939666261376338653163616337313235313531623963646538633037303364
35616136353637623763336565323638326437303330663632666432663235306437363737316436
35323735303731613638353162373930353265363965663963336365323561646664666337343362
64643333396461393732653531616636323131343039373638663265366264386562323837666463
61313639353236353434326238383532646664333062663330633833383466363766623430313966
33653630626264336637306337613665393662663039353031666433376663366637376665306166
61383864333738326435376435306239633931336538633134636334306638313032653637303730
62333162306135386139386463613032623536313335316438373464376266656633323330613636
33383739386665313762663633646139363464326166333861303630613661306330383361303938
39333166353233613339316634323039356431663436613764306338363265386437633133386434
39313961623533366431306237376663306466643164626361393639303436383638363463393766
35643837353766646566306637323763303834653463373561626232623038646433306331333932
65373966333163303632326239373765346261373964656230363637616565633435623735653261
34656231656136313166396330623433363137643132633734346162366630633539313035393333
32316234363934366335376462303031313537653736313862613865326131396164303063343836
64336338366266643032663261653531393363333765356463336563666331613261633538353563
33326366643961623635636230636534353038653836363863303365343766333866373136386565
63613933343535353339336464343631363531396364363434323732396661613737306337656562
39356135383561636362323432306665376238363731396232343864653963346332366635616131
31636639666433636639636639356134646237636230336465363834313030613963356138636162
32353131323935346162613562653735393533363030333037663162353839653535306662356336
36336432373732313331656537323939343733653531356366326363636233343936663036396331
61303939333631643763393934373333383333366365363531363563613438316433386264363237
38663561336463663435636437313238326336383833333061336131306361386336336264373436
33623336323761383064653461393633326362386338383661303266306366393236316531356134
39303730313733343737633639613661363438313361366430316634636533346163333337393539
33616638363166353331316361303530353034643665383535353831373533316433366531613238
30346463393464323539363161376265633334663733376539626466306438393265323763393965
38303638326465343137643762333935366233343664323462323966623063666164613265323634
32303666313231353463613535653062633762656234386265393764376166396134373538633239
66373366393332323866363834656161623539306634666666313266616464313431653438623866
64623431303431656537323164323033646265343136396136353133373165343834383631313662
32646362336462643130336333663165306434386139643165343330653466666537633633316130
64313061386332323161383966396534666136353562343032326435313539306631313639303033
34653961373763623131313637663030383730613035366562636531313464366138653131356334
36353132616638356332356662356134396662386137303736373666666533346262323563646333
62366564633535383230323236303034363432306461306461303565613266346339313361333238
34613862663334353936623137376261333236386137366134626663376637306633666632313166
39306163623666373034346434346361356632333964373939643364643835343866373530653735
38343938633533346562376132653831336439316265613030303765353335323036363638313438
39303262623861643836653165626536323235623032326665616138616264626535666633653234
32313032623734653734326639343037366538636232343361356462336430313537613630626463
33363864643462663830393538363537393164633032363437353333356139386235353464666637
36336461333264323539623465346464616562666232386438656633633834356633323036633933
36336163643633326539376638646665326366313539626130366430646462646135313765623866
38323130653062346235666138633136353365356532663737653031383237653831383235343165
31643539396339313862343936303362666333386562393335653862353135616433333533346635
35346630333466643837346533316232393838636538373563343165633335623761393863643166
33356566626639643365636437343563316439366538343333333930316331636637373263613765
35626339626366346637346130363361623565396631613038393638663730633530323631376366
62393366323863353531616133333236393263303137623739383163326637643735663864376132
34663664306333333437316163363461396135346332626162336232663063626530383035343335
63653134303064393535306261623733623537373163623062633063326665376665366662333262
33333932386261323034666435353562376362653332643734653337386333663263616236303261
36653663616136383631663033376266343537373630313866653166663133343339366662366666
35313264343063356339663730346664663261316637373563613030366138353961376334346361
32303630303632333166643065353039363538313837303561626136323761626364313966633438
32373138353866663066346238373438636261643734623633303630373562383835616338636461
37353234633965333132333232376131346633613765656634636339336234343233373965333938
61663165613666383936313664303664346564623762313932616239353862363961333966626566
31306138646466636462333132316334333965623237626664313336366434306539336334326130
32363061613137306630323631623238346434323138376566643264663165376364653961636365
62353235396635646630303961323662303030336634393931373861666233353364333433613066
62393862376538306563326530653232323838376462633765306631613531646564376265653130
64656265343361613465313061333831323433376361323231386334643632306631303439376262
63646436643566333138623962346263663164653630343337653834356661383233636139626432
32353838393631393963653331613464393231323935653261623034313861623264643838323433
62656237373139613832383966326264656638363830316330646539303862666237663662303632
37326335656465656636343039346435333662653362633561373836343231313538653639326565
38613330633535353461326232616137633338643839306337663232363437386662333839643962
32316332356162326663393461323438306636373932306433663332313864386462323731376437
61363764613238333234356237663566636432333739353066633033376130333435383766336437
30633631343663383036623735663466393065306332643233316365626162353663623634383166
39343665303632313565383937326365323939346239386162376339356137326566656132636334
31333961353939356134376364303164366332666633646437383263613431393231313433313064
62393531643064373836343038346237643835323734666134383239386565313166656432613136
39626261383738373832643433646231626131326330313464383564323862346162343132333038
33303566356534633365356531363064356436383836376361336634633932323863303434336133
62613139343735386230313962393166306662373763633638356165616139326132613932383136
62333032626534373864646463653162663137656133613966356635383531626238303539663662
34343437653037393563313132663133323233363863363331613166353264316261653739653334
34633364633230303861623832336434356234373032626430333634343538343061326433313363
61613261363935626162343537633837376364306266623361396533353966333966333131303361
66623538636530333232343939316262346437383562363332316365663632613864626163616332
63373738666230656233343137376339373733633464323338653835636161303561356633346433
31323032343266663733616265643033646133663636366434633166666363316235373932356238
35336163356136623163356532316263663637316363653735373836366632396566316637303064
30616363333364663563373861323932346562653230363764313938623064396232653638633463
38636538656333633332303961613935326363356133353230653363396263346334373764613530
32396630366562363761346664306638313936346631663661393630333066323534363861383533
65613538653637633164363838356431333735653230646437616539303764323263613963616662
31396462313966623765646531323961363366626537396635373430666562623536363465333064
35383962343335303738626236393633393635336530323730326238373762666331366437373861
35323562613134326535316231373630393837353363636630643631366461376333323433616137
36393435616335633336623835393630656361323137343137383638636438666365616333356462
34633663383562386336323935393366346165653130366239333535326332333032326430653666
62613361663435306366343437636365666131363461343535613866336165663764656534396234
64663236353130333135633164653064356261633862316236303733366339633465383165303763
36346532613363616439346538613530393764376333313633653338353763303864656633336634
66353939343334366531313932343135393362303661306339633432303734613334616236346139
36386166356161643330373138346232383238366330323366636665366231303765336465343236
65363965616232646365396665303332386436363236373038666666333036343533666632633161
64376237396265313937663663633262343336376330306535393232653533363438646332613761
35323631343031653337386661386634646363333331626263373438653862303164623437303564
61653164363537346233326266393236386638363933333262643837333836366364313436653333
31326330386633353833333064653261386138383164306262393165623530636561646639613236
63306262613339333331663936356336353739613563633732333131356662303931306334363630
35306331383735613866366638653432643439333132346138333537623734666236336265363966
63646434366630376263346537656665643763303264396463363030666566623462323935383766
33633137313461353761383730363531333764653065316239346563633838626236333531363961
30383038396438653361333665663630643636613437346430326132643066646565376364346438
35366636613761663438623330303364353662396265636131316338373263363062653537663132
30316534313133333031383065353439393364343039383637656637656437346461386461303466
63353437633034313134663533306662633938376532323266653839663032326534343338663736
31326334383630393536616436336238376335613636373837306365333566346634666435346338
66613866663630636236303266396338313739336333343435376535633135303030646661373336
36623136333730346364613239633361386263386661613734363630643136393233333130336631
39393066346437353537363461663265366438623537646264653262326335663663376337323238
31613164623034363038656431616630626536623939623336663637623666346536376333323165
31346138666235653665303663383936343761643763333335376666366138613166666435303632
65653762663638393930346331333332353335616463346364373836386461623463353132313239
34363632306231343164303766633666616434633962623333326664636431373366616239643036
34643837623531326533623062616231333562383963663731313237353365313932303734633534
36313462303338333433333963333465376465623132306135383466663366356136396164323931
32633237663231616665623938633665623732636633333137636331376637333837323632666161
37633831633434616665663363326338383733323064666539383132383463643236623434326135
30343530656338386635323630323333313036643132376361363639316234373566316163356334
64336364363566373066613133373363616230396566393762663965333538646365653063656163
64313061393662643035356532643239663730373434333561376631343862333831333063666665
62313331333462376233363931356539646434656363616533376561616133383834636535333462
35613865396563633230623236636563303563303037343331396634626235393832373164623566
65383164353834653263383934306537323732613131306130613138303337346137363635346465
30343564363835343731646132363237316161643730393361333532393232323935313761653061
39663539393763643532633266383061303130353239303833363439663161316438386230373931
63353861346461363864393438636161613739643661386338663130616238353932303063343038
38333732326565373239333539356631303862313262363332653766666535626565353937363863
30626331306165396532363839633739353430326264363938333461623064366164373966363333
62663064633065626462366634313038343038646462646331663361646131623337646362626435
33313232383464353265363961316163626561346166656631336237653731373264316532616137
34666133643661656131666638393330373965653462306364666631623361323463363630646230
66646136393666623561393831393630613838346137666636316533303937353135663032643364
33313833373761363739613564646263636662656538306333313963386331336438383763636637
35613238626666393462356466386466386132656230356162363838363635656563653738316265
35376232333137636165363761313561393161313966613865333836323232376439366637316534
66613566386232306363396536623762613164393464336562613466376439353432373565343363
65663236646536376132623337323066333130633465343239303335316432363133623562333432
33323965616562313431623662313135373334623163356662663961653933386537613066636338
39366663386235316664316635386639656131653935343333356236623635633362333230376235
32353161316437643734396331333136363561633138393436373339303231633564666164623465
64643965343832326462656434343834653139306631653832336566656464613064313031643034
30663637326166343931306537623762383962353936363534396134633065336166313937666666
61643430383032643661343135393337316235316163373263623133623038336132386561373861
64626230623536373834313263633730306339623433306139646664663032373630393066376231
64663538393832363836633434333636613066643532373039663961313435616638346239323831
36656431306165393365623265316464316134623331366437393035353163323535366138333231
30623766626362613566656133306131326234653136663762666332316566316635646139356237
63343337346138343034356464663132363262383166646163623137636661396663353430353863
32326330613363316434323535613534393866396262306635663436613537616661393163386438
31333362393030316437393835663966626364613266366337383338373262653832666462326530
32346161306463613833376366613732626639613038336562623762613139303238643133656237
30663637643463626430653261653965303965666261346262336639393733323465663731376339
32616364636431343332373639333432363636373337393530376136636565336235336238363636
38336563383333306364363064363139643237636536626563626562653537363832346464353165
38373333346334373063383436646666386432633564623736373930396235383132383366663330
65363866336234626539336130633034373038316430613031303361623031346635353363613137
31323439646165383265353236383561313664363237666631663733616139616139663964306534
64663739306430333730353934333066373938336664376362376530373631626666323234316462
31313762633830616635393061396535386633373730383733353965396232343063663230316666
62616333323837613862346632663130383432633235316139633438306430303933303862336261
63653062343838333265633062343363313862643965333835316466613062623531373663373431
35633766643938666432363161303830666463356163636361393436323031306365376361666433
30356438663238623038316636393430313965636639616535376438363036643064656135623839
63303138346663353239323038646161643539386139623833363962373966643763336531326437
36633365646237653634643366393665363537356531643935613136343530346262353061313339
30313564343938396236383230326634303664346631323531333137653965313531343735346432
38626361623138373538346230633762343862343834646233373038353264653130313035373134
39626538646161393038333831643436613665613765616334636136643437633335366331306435
37373566616564666665323765623766626535313233666631303837353165343161333532303562
66333738383665303963383034653532626164393039393566306436366230373935346164383837
36666462386131646235363631323464636233666166626364636661313964376334356434333938
65333566373066356565616164646132643231343163336130623239343037633461643362386230
62383464623730623035346137653435313634326365623262393165333563396537386364393661
34366337323333616438373930663464643033303864373936383335663164613639656536306330
35666537663432623865666134383339303838306238323865396235363361363934323032336366
65353134656234613961373135666466313731316539303836663239323562343331613363316436
64396266353731313335393263333763366633346637336634616565383337333866373230663333
65613138313433353333623438656561333739663264353463613431363437343834653830663139
39373030343564343563646265616535373231633434326636313862646565663231623465336333
31396564653964393730626462393335366434396164383865306262333836306335356338376265
32366663376233353561366332303434373963363266343966666561396636333361653632333133
66653562643339323934356165326139663238333562383666393738323961333762613435346364
38623930386466323463366234663634383336623337396365663531643130343230373366643266
66373134643361626338643931656665376632643830313839363261353161373962653437656363
36363661343764623066333236613637346163623334356464383238353534376531393435356437
39643030343432343431643566633131663862633639363235373532316565333466303234383561
38326565363265366366393034393734356632356263393134333436366164376635333831626161
64613539643633343836646539363937336139366235616465663939653032393639626563636132
66353662663561373965653432303432666633613836336339663635646434613932306137336261
33316136313063383438383235323561626230383661663232623133646138366130393464666632
35326237373661636563353536303632373430323332636463623735316562356338646632313933
61343336363136303035653430663137653238363865333537303639623933386133626238353533
34353437303136663930343163353236363634383731333938393935346531363364326366353839
38636535346434306530313137626233376636363063646637376566646338306161343765313564
61316438653732363931663931343361326361356565336665356563383363383330396239336234
35306433326338643935383839353134346433346231373265313936386632306331333466316166
32646665333263643534613064613861663737366166313137633834616364333463626564373866
63306330636462636234663236343833383164353462656133346566616432313730376235383562
38353833613665343734643963313864663561333231343632323765326338616665386134636632
64353235303637666631623236653735626437646361613330306462343830366531333265323563
35666239616534333435616465313731633138333036383161353338323338333331323638396132
33333761616365653565356563323739643832383339656637666537616330333830353232393135
66303335633436653165343337376665336539303862326164336364646535353630323662396230
64373036346330643066386265343235303231333832313163313335373765636263333364633363
61643633656430326438643830666433343762333261373366636466383632313265303763626561
64613537303331653464316531633938323966623733343836386363633730326664313265643137
39316261336438373031653434633362636365323636323734353365346533613361646138623435
62363638383939663263393931653833363230643938383566656362313535363865343931663537
63613531666436386163623661386437346232393563633931613830323039363062396637313564
34336565393232326634343333386161343334366166356331663562383437623235393439636465
34313062373838316562326165303165386234313863313234353835313939633662616661323331
62353936306539623536343764616437303031346335346363366639626261613864393937333265
66346437636333346466653535336336343733313935346234633937323063636433373366306638
36616164383338323239633137626232376536663132646230656338356662373337643837626663
63646334613232613635303361643034323734633164623464663063623862303432633738386238
63633362636531373038656331376366626632313065643464636433346431613665613438346465
30333930613932646233643534646665656434313933326330313133636136616238313462653739
39306663376533633031636431323738356138373366303164616364626535336366303662646431
32663166653737356438623035363830383364306238336136313034653965323333643464306637
63313531613535303033323632623033343730666231356561396639353836656131313739653062
62633338306536613864396637376263643263653439656663323534306261313536613962306464
36346263353138323733393435373465613030313933653335383365393265333561636265313231
35343432313031303037323163313035613661393836623930646264323164396636663136663339
37313238343838383362646632633064323561303035336333393132373463303935653631636139
33393735356430366534393161366633663065326339396339353530653963346133353737653034
65623636653864383138356335663364383864346135396238353038326130616638313061636534
34326463643531323564356533303861373532393039393565623761623235633633356330316163
63666463373636383666616435343734616363663933363538373064366637646465643433376430
65663732643336373830323663356266643563656464383239316662313134646362383839613732
38643064663535626366613530313063646165303035363139666535316665636636363133656637
31323238366566396332646365383664633433363837366466363038343063626230633138356435
33363365313666346338663332613338376235353966626362623633336364373262656534303135
66363432376130343166613037396238346361643132333163346632316162633166616535373736
37313031353166303066613061623335666234663865623366653639353163303066623462653465
34326439336234363462366639303732316239353165393665626639656534333136626264396463
63306361393534316536383939373534613930326233623333616138623537666136353033623761
34373961363434363165666665393461613736336165336636326266653636666530663736373838
63386130633436336231643635633332393535316437326232313234353566646234613631363534
37343663336433313164633333363132333536356365396263613930373633326466306235333133
65323436343039373931306336313565393437306165343861643762353435623833613937326336
65323636313437393538383232393837636261343036656361613439633963613464376131623765
38343962363765336235656665343262363163386132386532623230323363616566
