$ANSIBLE_VAULT;1.1;AES256
61326132313435616462363031383261383766393362633137626663353036626636646330303230
6633643033366236663538313665343365646562316265340a663339323133613332306466356463
36616363386237643934623239326265646636353533373134326338653761356130356561393361
3932343939323063610a633338356331363861383561353935376665626630343864343533666432
31626234666362313361646261623739616663303961323862366337666663376463396164356134
66383938663031646531303366393965303233626562343336323465636461333464656335313839
33336535666238613337643263666336333230353935666662626633646363666135393833343638
30633038346330313064363636366164323132323139636163343137646430656638343961393461
63306662656338336332633637613731363032356466643435336264633733653837366637353439
36356535323234663165376135663663383337646336363336303634653134653836366534353064
33643433633934383337653366663430653361366139663132383630306133613431663566643835
39613966613935313762313039303834663563356533383766366237323639343161626465346635
66303633333939323262373862343633623938633638643130386135376563366566646132303366
32396363653431386637356636346130323264326236393735656233353163316431346233653162
39626232326435383736303733396538306632393134343131636434313066393230613533646331
31316265396635373866313334353961303663353134333533356462336634336265633561393865
62626338643036643734313330353731376539663333623030643230626336343362643365346136
38623538386562363636303763353636373835643532343533363739646366336336353838303363
38653966376665333661623266393036363639633731343763633539343131383761386630313830
64393664313536396333343439323738623334653263623637666433326638623137656136653033
31323433623766333439363330363463383663376464303332623161613037613666363066346362
30656331363831383636373130346561363064336636643964356563666232396637396434386661
36343833363134393137396162396235656361643439646130353330613035613665396663626434
34303635613136396666336666363862386663393461643439373963333539333062353263663434
32396231633134353730643835396530613139306634643837323335663765346461363437373463
32396631373031353139336236323632666363333662356330373434633830663239653563613839
33626133396463396232623038633962353461303264663031613963343831386466346464373337
65343664323363626366313332613361663036396266333535643131613736356537613537303832
39336438373438383631633435656437343265643832396439383563313830303463336236653963
31613565626430633961373234623465666164613932323362366434303538613233666139613136
63343733303332623939306232346139313966396134643161336366623530313063303565303165
64636366363635363363326537643061326262383066313231373334623932393463653236313334
38643861323632333465663863666138366232303062363064643832623433323037346430393665
64306436356234653232303661613431626633623232346561383132653531346335376231373137
34396432386534316464373961663164626237326534653165383339373236666635643631353961
64313965376362366338663066383335663631626530633932663332656435336463306639383836
36616532346330346439646666653936653361663638383339373534323165653839623465643634
33303936323837633238393766396665663964643538356139396662323333613164343832386331
66376336303861356638323438343764376532633032376238643937356330626163373065376265
35666237383637343533613834373362616665646562303535356163386363393663636132633464
64646564653462646561373931666234363930356431363764623531666463656338633562306665
61636231353965646437626537343466623934666635316639333961363535653766643564643833
65666635396639393764613965393162303931313837376166623034663038376331636232396130
32393731383630383438323139373533373939386164656131643663666163333163393764393630
64343831623030643531633364373935383331396230383064326138346230396633393932636139
36663963393965373637646339333835633830306333353739613835666464336432633763366335
62306462653866636636623562643033396333363337363432623632636361353735666463656661
66613239643835333136636439303362393832623139306565393833383032636534366233376131
39336131306161313163393862343035376631303962353162626365636265373337346364363330
36613265316366646665313434353165366337306638653032663036333264626265333034656136
34303836316531623738656533636531616138373763336338633331396664623435386161616434
62343066623865633965303739666237663736316432346634333235343232653364653038643231
32653339376139656234663438666466353331393331383538343838623936653665353032326633
64356236393036303832346534316630383462656266623162366439363063303665633463393833
62306466353564396339653639623662306230343836343765623733333134653739343933613266
63393461656434333765393733393733613632623263373661643337363235616632303832303734
35396464336266373535306263613639616361323638643737333839636463643739663231356139
34386566633466393537373636353463613632356261663032326337636137336632393834653262
66353733323363636363366464663862376661643537346430356331623133643065363530386466
64623337343236656531353733343462653131306332613432666264336461396133316339636338
37316336646639666131633962396666656364643563386532616337616166396639313130626637
63346332356561346266343763386531333233663135313138623531343735626135646132386437
35396339313665653433623262326235346162343830663133383861343535623633313537363130
33616638613734643061386264643763336662353464313664663837333634643264386534666262
63636436633636373731353461653565633163323362333463386535333562306465386564393331
30616534386331653231316365373031663535623930353134386534326333313466373030336232
63346135373263313034393765363436333034386238373937613930623162626566336635306663
32323334323530393930623334353065353733316365383838383439333865356665653530366563
33396532383833356337663138356163346130383063653139633838323763363363646262363637
37346561356431303964626163306562323964626630376436616163353131373932363334643364
33333932346432353961383233646333393738323435323930386439396132313266313862663034
38653937626263666239623862316331383133366364646539376330326463666338393037313532
37633337636630393431646462386337356539643761313039333034336231303031633962376339
34306631363263386634393262616564383432613139313838383165313435333665333038323632
32313661376137363634633734626564306565626566393930646165346631393237316336656231
31376238343038613362373832376664366438393535323534316163633666393839636133663463
65396136313761666539373966326563303735323864343039616464643234376461373030313236
33663862333166376330626432336331343962366337386432373739366263316631343163646336
32316134626333306438343663313930386231323863626366613632653232353966386662323062
37353664306535643330613932666335313832363334323764373862343937386564656264383865
61356139626562303332343331633764653137323561306332373061373939666536646164353137
66653531626539393364383434636162636231343766366166613135616666306432343165303961
36376465343631353433376633306635656630373963616238616561363863626237626439643165
31666631333837386536373862666135316633323935643532316366333331303537333234623032
32323334323164383365666661386130343233306131306436393864323832393634303862663834
32633266666632313536316364316562623335353930623165636262613630353332326134363936
63646635333430383263623235633738643236336165633866356465386534656664333766356662
36376465613937343632343730313037626332366636376265333030663962663031373663356535
36646661303839363131373035373562333530313161363063666466313836623334316635343330
38333662336161363264343334666362363963366135343166356563383230396437343031636138
61313532306131346534356337626661393638336332656666613665666331366137346631383537
31316562346164633137326139376130373831633064316631653262396265666632366538306663
38636133363162303131393865653663363263383836626131373333346261613766343366383833
35396266383232613662383466383863343166376461373932633737373531653635323130646537
37363831626635356532663062353836343835313931366264323866373439663337653032373465
66333663653031356666366636366333383239626539333766636165633733666333613861356663
64323961343131633766316538653234383033303661333266376562353238623037396137666132
39303562313663313865653330333231656166343862666232323630343762363661633830333966
33316132386361643061346661353633646666336666626530316131636663653166313635323331
38383463626533646233333836616633366162616434386162626166613638636535663463386462
65663737666261376135616630323437316162626638623161316430343431333662363766353638
31373838616265613335636563393361383430616135383764393133346137363735363735386131
34343932666633383164393136663761376438393530333564323864653833363935613738306636
61323764396561643535323138313266313631373738393837643565633934353662353531356636
37333135326563626164363530616566633537323937326532353162653261396632623735633663
36373537393738313531636666636265633061643562663132316333396261623161346362303332
32653936396438653939313134356333356264663337396630383634383334656330313333323266
34393934333439323338643565383164643330633062396236613938653466663635383132633766
64303163313866386430636362323165366331633166366165356561653066626232376339326538
35326663303435316537333336636639313364313061386663333635643530313330346337316630
63656633366637663637353738646535383730636530663231373931386131303364383037306432
38383266396537366535663136383966353865346432653336373235326137643765643335656265
34393032353832626139386333306164613766666666613966373765636439373563663331396461
38373433636561633337356537316562333766393362313561666563303639633363373763363263
33333338353438626333353839666130643063653961386436343061383665633538373564313666
39303237383237313965396532373566666437653832393732386562316635616232313333656431
66333233376136623634666664336663616330393130333338313838663633313539396562613361
36326134613836386562393536636433343264376230613733616537333339323664383963323538
33633664613835363636303838326232393835633935313364326439616132646532366366326365
35626238316338626264343262626265313062343064646337393838363233653765306131356430
64313030616634393936333231336265663062393635666137633761326330613936396432366666
33396237356565666330616564373539663236616335376262366663626364613162376362613533
33376661343139383238376534356332333030623238613163663966396530383533653737356436
32353962666265323038333237646662393230633734356537383963386264313431336265346533
32396438643733633363306562326234626265386132613934636561346639633563646432303033
66643462616439303635343061373365326361346539626338643665366332373366646130306332
62333765303432613065666233643931343833346133626330386635336363353834663839336166
62663465636635633036626133663434353361646362376166666130393765393437336431613639
35353463653335343964643365366238306634613736613066313730656464623630396566393435
35656330323230366664613439373239353039653265623736663631633030343635633539636166
39643834386534366138323530656431393534323566633962353363383135376536303430633362
36343832336362656535383735626538613538306232653966366636663562653234333939623334
63373030303064643664373137366662383837666461366234393037333437336662663234653066
62653032373666653039336135316262313262323435353935363332376463356636363963613633
66393333363733623465376336393435663065393633636333343735396637643265666434393462
62376631346330343834633663663464643764383938613631663266363965646164313864353637
33633839636264336636643365343530306461633733623636343435633862386565623064633436
30366562613661613339653639653265366563343339393762393131656537663533386230623762
65666330343339646339373761643434313933333237356538303561636631316665653365666138
33316465323939363864393161336234633363326166326565343032376330343430653265323166
63623339303537366337643832666466343839306432343062663265383436353032336332303632
62383765353165303131383663656532646266316330336264393538383837633135363938366532
61633164623366313935623037396366366565333530356537373761646137373533323263666161
65656335626264393766363161653961666266663434333234656462663038613938396230373661
64666533393834653439636630666534653563393662613838613235646266336432396331333064
38666432303038643332346433366465343139323939613639336235613136633134613430623539
39643638623232356131626235646637346331363664616135373634653134336162623436366334
65303431343638383834396235616239326335373835306433303230393561323761326435653735
38636666313535363033653532613436626533376435613164303062323332663161636662373864
39653562373462343762346666653631323661646466656632303031343963353863313030636461
31623862623135393863643339393335316334346239323062313930373939333235303231613462
64363262386264326131333134316137323961326237656339643562363762313835623966373766
66666431636161353465623866393037646566323337653035643335623166363662643362323735
65646630643932343366303838303531356466623135323639323934313765666330653937353266
33363537633636623330333565393363356336306665646164653164613864663136373138663932
33373636656463613434343836363733353938663466663935383262656536396165343366626564
66623332633434366530656633343536626666376635383334643766623137623439376632333438
61396565633438333265353930613037323036363466313430356535303837303531616363626437
39636130346338313934353133626662303130663432343837613733386262316166396232386230
30303039363334363130356464343963653063376438396432303165373831323530363937373863
37393161383963663462316264353562376333383764353534313062663839613732643436613466
31373866353461363239636139373263383030336132653038636463366233346231333564346433
35316661663433386336636461383137383830373633666337656335383737616564343437643138
31386562346461333638623736323437633233343263323336376164313236343439633431613538
33346636623032396162323634326664373732623336626465623833373133653861633835303031
39356130646637343365383831346662326364343939316161646362623937303839373436316366
62376165343636643562333464646565393263386236373462323731353764646561386137653737
33613166653331323561353633303036353632653039656463653163353235633639343135396637
61326135336333653235343662626531613966383731396561636666386531616231626434306261
34353461393833356434356637616536363839333930333434343132626134633164353663616266
31343736316365333335643763636132333938386434613033613166303164633535623766303966
64366563363532633038396236643239336162636531646361393635306564383666353166303236
66323833653539383264363039613663373939616565663533666336613537393362313234333235
37393831333839333134303861633438373863383731663832353632303031653831393461313164
38373139303137613333306362643933306238316264303739666163616438346562343965643063
66373134393939353531366333663237656661623536383531643366376632383065353163303931
32633661653632306133396431383330663330303831306462393836336532313137643961373835
63613734616664376530306437656633623439373135383164643832306662323033616564366235
61666466646262666463306666373335366633373665613435343737376562353639353464353431
66366334323161623636316366333933323339646563623939663930636338653762336363393032
32616666613933633030643665396562623838356164313837393532326564343236316663653730
32303834343433353939633262396662626539613636633339666263633863303234303233646666
37613637346534633534356332626230346334633062666366383135386339666366666635646564
37663364326466316465393661306631666636333738646434346535383137356463383238386630
65386462633437313935373262303562386261623863383237666364313565306364633861633637
64636635323764393839656338636162633935316435353532323132376563393064336665303363
61393631663035646237363130383062643535663231396336373032346162613364383635356661
66303565623764363431663939373331323361306530633738663033333638626135336233663764
37653834653538316161633638363665623463323932636561633064336531353037336430306330
39376539653835613635643936656137323135653531386365373865366161356330643337393530
32396635323262376435623036653165373664366234396462336439353064636266393861343564
38383761623434636339633166303866373866303733393030326463613262306562396633356537
31336631633537643066366536303832633761383436396230326665363164336162656135633031
37306262633266333064306239616462306138383132313136373230613764393362373637636661
62653133333539613562373833643239666638303037346436326231393934386461633436623438
62343138336435663635646632643935356331373466653535316233653436353566656564663632
39383434303932363638666234346163353264303830393331643332616464386366326564353666
34363939626163333430303335353535653338366638316630613130363566333161306161313363
63343363306437643435393234353262333961353230386161636131623336313332383030393864
36326661663036626233393832633466323563303935333338316464666337356363653333363836
39386361643630326462643238373131386635343366613066313031633263633338663833343931
37313131633635356131333930636666623665316633333537306166626231366339313434663338
35636531373264326339353362383634616634333732633435363736396130306564643166353432
32643139626330663364383939616533356336363462616565396432313534666330303563316437
30366534346337633261306435353062636566333261633437616636616130386536373164313664
33336331633962333562376334663539616631626262626466333361323833656632643131373965
38643734643264366336613463643330346430373131626136326435313134393037643435313032
64336362663833633439363330313438393965303930383465616439653665613231626162616665
33626339313063376632653839646137623531346532356239363265393831363639633736343965
37653663623336383131306533653635663561306165623365653435363032613639326239393839
61306331613865383331386466646433396663613433346263306431643835386261353365666263
65623365363733356538633838666339306162616132326338383831616664353638663461643964
33656438353462646664343166343066303332303139313865393335313732333630396238396166
64383138643033613764656634393834313563353334363632613030313163386532386132326239
62643934326438643632393832653466326131646635393865366361353034663639636539666133
33363636646166653164306435666165636534373633306563626662626135383562616438343664
66613438633734306232306361613530306432376136306161316362656636363332663664316334
62663832653436376436393535393964343166316334306435633834613363323561333439643535
65613333373035343634613530633764626664613161323632656238316431383864653932636135
61303532643736376466333661373635613833646366663937626234393431393432383661303366
31386632636137366261653934383831663538316362383065323732383030303836383862356535
35376131393464373833343330373535303637393630306236663364663934353663306436396536
61376232383462326166383264636438336537313631663734303836333339346239626337386566
33313537323765333032373134646534616232396237626435613830336461373665373961613363
61306530323064633062623334373237656130653661626165643735356638323631343733386431
38646336636664373162383836646335623963326265653535623562656134653236636132656663
65333561666162336338366562626631313431343137613263306533613933343232343938396339
62636339316261653135396232663933376565343133353164373462343933646166376538626332
38393533373264643064323439383464366263373531666638346638663333333733343837613435
62383739376261373363363630396435623937656331653336366664363937643831343265333337
65396338623933356236363732626632613332656663636265356435636262643634373266343836
63373331383263653638303738336165626665656130316539346465636661633936343836323661
61393436353733623765656533373934323631333165633061626234336438373261333663626266
31656165343530303237303438616237656532336635363435343137663337323562333061326561
61663964323863373039666262313238633161633532383439656131313932636230333462316365
65623162366134636431616538323635316266346139616561306138373561633561393533613839
33613465336631623331336136316434353761323661333963336130653062633330653736353530
30633935316339656261616138353133356139346236643731333037663732396138663965373234
32663034636465663439633134366337353437336433386434353034656333643666323366333265
61353736616266663636613734636536363361376463656163366538653865643436326264623038
64663435366161323432376164303238636563306330333361346538613739353661646334623763
64366536616136346262313739613062336333333236303036666161393639646561656131333736
30353366393030646662666238383636363435343932353663623433363434393332336539323963
38326461346433373764316338613138633564393937666465376435303338373833346138663633
32623831363736393633336238646137666438663962633238356137623839623636343839353836
35373161326363336464656365323732336162636663666231346232333461323132646230346136
38653330313763633462666335393964643938386566313335393863623837663333393331376563
65333666376663353031353863643964383764323532646165373433353261333339633865636632
64336237613663323731653166383466666565323266366465656235653933386632356632376436
61313037633736633133313264626236643336313235663238396337653139333430616464313961
38656665336639303335313664306532646632346535653730363336643736643834393934636636
33636266303561313163373431323832616138333537396135616530313430633938313261383532
63373330373565653735353737623162393236663434636636613738303030646131633839393862
35343432653165376564323036343132663363633335666536333430363232363937356632363363
65313834336461383536336161656638333936363230333062656365363333346136363433363238
30356262386165613238303761663865646134653731346536653363373866376138656262323630
34326132346461313464626539313861373237336230333162343364303130663665326233363462
32636533303738353039346432646239373664373365346562633761663231343037336134386363
32643939383837336563373966643666386234313662383433636133313432356236313564396234
31636531376338366439326131616661653865616339636661633237353736353738343337633562
65326463643964613137623337353961386530393733356365623962303634633530613432373634
63643462306535303136353936316332316464643130373637643439336236353939393365613765
63626665353765663630386133353132346563313338316238626361613864396165623634383964
64393563363331346439303436396639626166343631623362643261633962323834326435383532
62393138393737386638393132616666333538623238353465373735383635343938653630663764
63306133396338643431343938666139363065613535313166663666613631306236356465643433
37653665323634613832633239306334396635333032383765313762396236376438643861336263
62653834373430323838393364643035316563623066353964343330666233656365333836316634
37363934626164336235323666303464323561313538396339323064663232613337303637343762
31383466323139613439666361363431393439643631666636303833373033353834666230303265
35366634346666383762363035316634366566346334333332663961366237353131313837633365
64346438373133353130373239346333343438356430633063303862633037343637663363306661
32666564353238336664363763383435633133303632343738326437383566323431633931616162
62343531386162646139393962663833303237623530376536393232393630316263623863623735
35623365343664306334303936396562333732633035306131313864386162633934393461396139
38303864323639623761653433623962353435353639333631636236333538643562613734363066
38386437323662643435326264393566393930333333353561633830343739393038656136333862
32633930393736393930636232636435643765363837363437363162313763393239373437656638
34626634363331313039303538336638613865383464326139303934343963356539386534643761
61303566356439393565623933353465353461353735336330346564336462353138303738323530
61383661386466636262316532613137646238363862343832613766316664633762656235616537
31623538316364323234333832663163376430616535623134646464376331393736346432386433
62646563376231636232373731383564313339656133633731613433633534356136376138643365
39613438336163313835313932323533616462616633343530343463386134313532616530643763
35356131343738333565613236376262356362336136656466663131386432303932663239386637
66633031323637643963613837393463626339346130393964313965393961636562353131353535
62656431633134323962353562653734663132626534643337303031656166616432396536303830
66636366666532356534303634646639363164353137306464363965663736613937313662633534
66623265353065326165353334393339666532653562346232623035663765643365663731363931
64393164383030633634646235666439343539353864633836306332363530616539633935616230
39626332313131396236376131386265626164633761336431313062313532623435663237346265
66356639616265346336376131613364346231643966333362633961666465343334353338666664
62366630616436663836396232313535666538323835373661393633303863376238333933313039
65313837643361356139323464646131313461356166663633666434373737353164623239656131
33373963663236656131383039333238376436666161636432626237666564306234643832646333
35656164353433663439383164646337373464626539316531393231373336653633326432323835
64626331306166346564373539636433333036646130393734643139323537646538386237333739
30313636303865373666396131653438616531653132303561356365383165373461633861663436
31623562613533343536343239343135373261626639363938643061313862643732333662666534
35326339383434663932666634316161353238363464316336333835343830353633356165323661
62353938613965646662663963616464306337343735306335316630623630356337666665666539
37623765393963326662303261646239646530306565616533333165346564363039326138333365
36346234373437656336313633336666313338323663626464663436613763656233333066336239
61323930623762343036653361623461393764663863663636623336623631393138356561613334
36353339666233663134643465623763653663376531653731363631393334643234373864353833
66353934346137396534303863393866643832633364363232343438613238316136373536396165
63623763303637396338343264336430663461383632623030646135373735373435623935306162
64646264623536656438333134363733366536646163366262616561306233666437376362383834
61373761653762346433383865653939376363653732336132373635646266316530636361376165
33326363623466366136353039333566653332363738353634323839326164376164303931663735
64613037373831303231323963303339623861646130353062326139373536653531616661336230
64353464336363343932353563373465643865366133386238653433393065396437303534313163
36393030333635663763333962386134373935363639646263666364356434393533633831313263
65633862623532616438636531353732333134383361653432333162313162663131613533313766
36356630313235383762336535616462323565313831633564396135386338393061303337643834
61303034306236303635343361363130306336633663333434376330633633633466306534653735
39373733363562373132663466663061353761303939303462316665396563666633316565613162
38666332646262316434373035646237363438313661666135343338333234313163333332376266
37656363663831353835386532386133633736366438633462656666336336656163343232663535
63393066653562393735633339346637633535383733656661626137636461643964306635326662
65376162373964633236656136383637633132306462366165383539623737333163636539633562
62623237323532383632653765623733383764336462316330393038346663303432393239353433
66303361363037313264326337383236613331393735626336393839333834653331373931623562
37376339313033393661636662383236313063643332663934326666323932306333316333306239
32656632633965386235336536323530616431366161363361356130303866386532613234613463
64303937323837643534663362333462303131666435393961333561663561353562343836616265
62646235383736653430333663376138333361623264373762666134373936303363353433363066
30636234363663366437646230616230626562333430666265373937326533363434333864346162
64356439386334373765363436353061303837373732626363363865336639313333643837646131
31626436663531323330633335386234633038656339623135353863643835323438616363663536
32646161346332643964326663323531613532363338393133653731333732393261326463316234
62626337326638346365626237653239393063663035356635653233343362316662643130316263
63353065636234313338366364303363636261663231626665316161393237323265636636353436
32653733343334306165373461393264346665353562666430633065636632326230376534386535
30363431393366643164323331393032373462303833303439653235366335343461386333326465
39633762623931663137663935643462653064623736396435393930623434313535653639383833
30396634323865656336303930613331356432346163316133366233616136363266356631643436
63356639356334656662643438326265643836633536313732323639363766346664386664666432
64613561653166626631646535663030336661343438613835396634396564346464623332336635
38346433613264373430643362396366316361333939303362383936393732353339636136326135
62663865373861386563643934356261396365323139626633613463653136666230616536343562
35343130346661343264323539343537393833353538373834653565333033353334633839633736
62616361643635623265646265393531346532656138663133626131396535363135306238343766
35373966333132313864666239623764633965326335626464656539326138633633643731363637
37353865346662653531323436346431363663363431616335633964323237346664323136383933
66363362333263633139313536393335656463396235366534363065616262623937653066303936
66653637653934666233356562306330396632326236613561366463653362346139316562313936
65343030333766666463336439616564643433306530333836663239616364323863623561393434
64656634663463326234373833323962613236373335376436643036343138653531653263653062
37633632303733623532313865386631613737376362326161623166626262643732396534303230
64343964373333316666383264613934363739396233316330316664623135633663353632633161
62313539363332306536626335393030326236393765396633346363663666306665623930376433
39396534346638663363376339383732396637323061383732626562323764323265313862366665
34336138663331356438666266623131666638326131636137626334316435353034313430333530
31333763346233343030303833643737323830353136363132663734306361633965663830623464
32386131636132633336643366343232343965363962653633643763303437623161313966363132
61393131663635643964376266353566656237653865323931623237373730383434363634393935
31393235303661353532313839343236303535633134643432623938303739643239646264663463
37613633663836316466343966303039303435666538393061303338613534616438326137316233
37376564353833343766626661386237313062653135346434313033643932613537613463313132
63363534326265326263656665366561383836646535323962656333636565343034646437313563
35336534336337316363656538383765363331353564393662616331333262363264353135626564
63343461633264393561363164333936343933613062303534316366303433623233643861343961
31373037616562306135646432363262663232663630626634343233366438613538396461663537
66306564613765353761383730393233343536313233613730633933306565376134343866656435
66323937326534373161636239366438383736383433303063356161353864353664323862333831
37303663323530303263333831373433373538373730343339363761626336343735383362396537
39663066633739316465353135303230343730356439356330366130386532343465383038353462
37386337303961633664356237363137653066626130303332386264353830626134303765326638
37393637313030663036396532326532653266383936323335393565363962306331636631376466
36333137366536633866316131623739613331353834643631316661333962356538356336336564
36666238343233373862633932366361633333343337356133336330353634643531333834323534
66343664363963663163656162616163343865333661343863363933336331303261313237303230
37313031353833383133386266653137643738386562336331313965656437373465643366306230
32613636363863653932316637646365613466356136306537343061636664613565386131326335
31633865343863656136633163363163616238366230623934646631333562316363636665386436
39336239353537666238663934626134316432386435316437363630383537313839336564613866
35346533366530343665643636383737313834386330303131346465343830623033613761663030
31333438343763306565396537323964626261653965343666656431373938376130633530663663
33303137326236313837353835666635356632616438653338383861653731343966666538333964
39356530316337326137353161623835323863643865633362343234353338326564626461306539
65326138323464333662626539666664623338613661303535363733653665333363343033653936
32666666376136393431626165346164626363313564643364333961616531326439623437636361
61366464616331393237356236336631666238373533666262336338343635336165353965343961
63386530303735653039636465333536373162663164336632346561366538623566343930393236
32373030643263656262316633653664303330303864306138353837623435663730396133343939
33636637386664653230356564646262306664366561336336616331323831656232633830363565
61616532633635366339333634363864396163613966366134666331373832346532636533303033
33643433623637316635346433613664326163373963353333613638636266656466393866613038
30363863633732663936663638303639363331383962666237306165356462616666326431323638
66363132656364363934353838616138333665353761353534623262353733616331653036363062
37313135393563653664333832666135623263643338326361666333393035633935666664623835
30613736363565346135356438323534656135373830343539343932373466373664303535313137
32346531663265336435343130386631633734663236623539386230626230663330303433623762
63336465396361353538626330383664326566613762653562616665653366633934353761646337
32343835363239363131353666626134336434326363616465313133363961373838653036626265
61306539663231646233326637313035633330663132343363643838383361393964343561643831
39636431356365336165613438303730333531303336666531323039383762316136396633663961
34366663396531656637346361643532373065316139616365366162626334353436353365613731
35393765663338393064646536376663343731323334353831376232613739333930343330386164
30666663646437393933323136646530346236346635393135323365343739623135376165313261
35366133306430383364623662643130306338333866656131666163636133363232656334373631
33363739343966663032386531386430356232613166373461356463393132346265303936333735
65313461326238313332356364356365303165353433303936663366666634636665313338326664
61653566316334653439343561313435633331623137343131393638313534376534376266373463
65336561343663326130356336613534323734373735373332626438663436633765346336353336
65663136646233656132613432353764633763306535373835366638363539316333346530643732
36306236656664393866626638643237303765313565656661643966386439633737333866343433
3961
