$ANSIBLE_VAULT;1.1;AES256
39313432386532656566326435643166366231646536626537316134363131653464333132356261
6634623061303833336537383331636130623139653564310a373366303661633132376161386263
34666333346238396537633731383561663538373236643535383838653564373463393965346331
6362623335656263330a623365333332346531383739613638623638636364353631636631393832
32356134666161343834633633356232313631336162313061313965393031306435663762393139
39353035363933323761623161383766633166313738373165373163346334303931353035333363
39326463343334313438313966306461343062653838373432313763336130643833353464306635
31393431653163303634376236323663613962663063323364633237653962636662356536333838
38656538656330646237343666376436323061646334633764623062376233316663663930666136
65323236396265393030313039656431303962396431303336623463393763336533303466393236
37333135383664623434336438616136666339323863363131313661646566303765383362646530
32346535313761336333666338646434336637373231663835653465616461326130353963626634
31613132353931333838643931613130656634313761663462396264373561636231633235333662
62656230353964663766643935633733653432306561326361363931323837383466656537353434
34653731373766323033393639346337373262646335353962386236356438666336616464646239
33666635646463323137666330326132396630656439316663316636626466343830393830643566
30326464653231646335323465623966643637336662666535306636626334636235343462383864
37653036386330326639333263663930346135663865646163366330613863653439303739306534
39636639313963353533663539353037643931393563396238633834643133333362356537363233
33393733333365663666323465653630633638656162393436323832353266333864393762353063
39383439313065336232373664363938616232653966623533653838656562336630316365356539
64323133383632643963353334323830643963626238306532636339643231376633373230353230
61626136396137333230323533373834303236303836336466663535313230623833636265353436
30383566623736393037326635346263383337663838626230393331346533663431626661363663
65363964646632646538376531643961326236643831396633626134323130353165336636343531
64623939343432366430646233306161663835356665633063643262343861656663326664663834
36653164306238626665333939626635623239313564353432383037396563623965313430333634
35316136353031353663326331633864643564633939626232393132303262323662666164653564
61313666366330313237653161623136646138373630393566366362666533306330313032393434
61333535386562366138636261366435643064393836303038353235623639653031323563653666
37323361656661333563326362623636646139306237356631333838393965623763633939333630
33613366313630613138663339613936363938643939626261613362613361633662333930323038
34636464313464353466666235653564383961653537353262616265376261656232333265613736
37623461376263613131653234333738376165363935306639633439396231336164626464353466
34626564633965316339393965623265373231636631663031306530656263356435353831346661
63396661333035303838346461346631366336303238333661316364656235656466373063346635
30396239323732653832643730363839353932653932653666373239383264303238363834313864
34363435623866346130626336626264346233313364323835633739313136396536356632353366
30613435323333326164306335636261346132383266373832363332303935633234353164313339
36303763626530616636656336636139326139373162613030373662643361366465323163396261
64656436383638393437316532333130303865643638393762663338353564383332663630656564
32313930366665373337383135623439303034343764613336663135366434616137643432323833
65393163616337343762353537623866613038353238396435346236323765353234316363333561
65383134356663303131363832333961373531343432373132366637613963623561366664626663
66616134333636313638376438623865333639643836633539653836306161393632653635303732
65336639656461373336616332623762366136663336666431376561373762366534383134356331
35306366373938353532643639363932303231313233343962353837323432383663353864353865
31303030646361663261393566616634643265326137656237396465303837303134343539623564
61376162653739353538343830613931333138373136333436316135353233653639363164393336
34346433626636393931633339376165313735326138346332663336386130626638616636656466
65376364656563613664626233393738343965306462366133353261613235363733396233656361
37303538363733346535333438356433336431633936653336643163366136306339336138353261
30323538323265363066613233393636653736616332373831626137306430313666363363396435
31643163363261326130326134383430656134653631376139666337623764613063663432336330
32393262356563313564643936646461323563343966636465323362386130663865323436363633
37336461613233393464366464366561396537666233353239366262646465383062393037623435
36356438383539383137336163366134323334373236386564633031313161373832373663383662
62653266613731393939643230653863666534666538343330666538363765326336376233366237
62393961396331313137356163386438663937346261396266666566623334346665376330333037
63303961336132623639646138303463656438323366373562343134616632366366666633363534
34386639396232646533303233376533613639383132653732353461393164303534393137636632
64306563666363386635353839383562336637613139666364366366393138383537366333373962
32376361396239316539316336616135323361653538303932626333303962636661386232613738
33306336306131353865623862643530633835646636643239386664323832326466346436393435
37663630313264656465323832363635383463386562616630343563653366363165356433356564
61663831643366313836306164643834613035626661326330363439653734313736343462376533
65653231653534633763313530653938363437313138663635616330636637373536366566383231
39303337386432343338326135633265303263663331346165326438656136363433383334323962
30626133663262376661396237376537313637666239383066313134323130623861333165616137
34626662666133396239313761343664366466393836313066376266363133383232636534363736
61663261663434633662323761633934336139666237393265316436336538653233393333376338
30323034323334363961633736383938643466613539633764393531626334613735633663323334
64323061663763396166346134373433343433336432386638333636303633383633393531663238
61356531393036663138383330373738383430653136333961326138336164363233386263623961
65643039383462383565333563623234383838383939386362666331366562306430333261333861
38343539626530663538623666343338633839363638616230306662313032366532333064613761
66323831653334353837306637373638316565393638356433666437396264333734653236643033
61346134396535613031613235656430356334323063363434656330316438343534336536376361
62333136346634303862346363653734323035316330393162316533376335623435393835633865
64316534643934316565386163663439373061653033386466613236386664396264623564353963
35313136633562623131356139366338643861633437623761383331313361376632663065366637
33366431383364386364646631306630663763323433643630653536303665653764303530396638
34376336393736313161376337396336383566333464663931346237613935653561633231353436
62373639643939303139333338373636306530333365386432373333636639663731353532343366
35306332613035333135336462626631393935356338643134623032373838636332303366626336
35356335643363666130376637373231623562363431663731663961663433653832383839346166
36623965643635653362656334336630656239363565623164326139333465613432396234646464
39356135333034323365353839663434643362353036326330623365616436366330613063396466
30663433663537393538633633306631363236613136626264633737663166353865646537616335
66663532623365613838336336393961616362663531666533613463613236393266303132343834
39316262376434366631646437393138323164666533363032623766383830613234633761353066
36346537366637393633303266373433353431623337343830363930653532363030663965666665
38346331626635633738353539613237396132623461323361313137626331313263326436613231
39396435393666666663636635373865386536373630353734323730323161366165663037356236
61643837353134303231633737653565623566653536383837366635396136306565396235396434
38396431613737383934323264623631366632666433353038303264373736336233613563376364
37646232616662346563633931306634373363306639636533323838636137303364326530396564
31373561623062636563393464313266333663363663386233323666363537303862643564663330
61643563383134613935396335343464386333623031613465636132636239323830623231316232
34393035633062333165383264623838393036653838383739303630346264333564383030366431
37643565393561336663323864323338376636613836353033383938316263636433363864656339
65353261356531633035343435333431376334326637393030633365663965666631333633326430
62313162396663373434663164646565396538663932333261396461306236626564666134376639
64353930393837373863376335356364323133363861393963616332643236366262306631613835
35306435326133373631366436626238353830656333656330663264623932353263373562363962
34363032306565323534623535613934333566396163346438656362656631306161373235386466
61333733656366383131326436356439643463633930326438386637383532656537636363373163
62323766303334323063633236333839393839393032333839313037363930323866346631613433
62373233336164663266326634363530653632633338313334356163333030646634396362613465
61356633383861623237363266613537643832653230663439383038336165303163363530623032
31373536613663366132346534323665613732303335353864613566356462313761623865363962
31626338323639373934626237343139323333623836623436363139646364333234366439313936
61646662386638653238323862356633626332656437343932333130333662636262663965376539
63323233613964396331663339636630376565653830363834363665393363373230313366333436
32396638313731653663623964373231383436346465343463643639636435383333316639323337
35343534633239336132656566313465343233616532623961396265396430346232323166643564
62613435316435313930626636356364366533613135633262633331316139663333316266643134
66633534313866653632363561613536386664626431326534303265363163616562386162343262
38303937623330343238313766366238376630343462643937653636343864623832363435613239
36313133326530653266323135353232633964623464626331373937393765313362363430346532
63323030616433363363633730313363623363366639643331393236656637663133313430383166
35626333636262666237663861353230303663633934316638336262653163313433636230333033
38333765663964303262623364343463643564383037633734396537623537613434356266623334
36653730643832666262343232336661393462616438383937643036343438316231353530636637
37396261373233316531666135346631633061346462643235313630353433623865373233303562
37343263323530346265663738656261653234393861363637343362373738333130376165313637
34663364396161633565323261623934383438366130613738656136316432343265643534623931
35313232373063333932616561393438353263646662333639613831663764333733626238643430
64326639366134303434313830643465366336613332323239613665626462656163663338346633
30306533363062653034343239316637393934633462313633666363313235623563356466393738
66613336396639343837333561376266613164633637633532316538633965363433633365373930
66336633363262613861636630373562363639303737303736636439393039353635373032373837
34376136633431613733323334626336663061663835336164396539376635643661633436636165
65306466376437353063636139666130613932363130656364393166616665396231663539396562
32303361333238366161303036373366343538353730393665343062663934393761633335623933
62313131643230663963396439316530363863326266366236613133646663363838303335633234
61623365386531633865326564393830343863613333366563366163653537306562663233633964
31653562343836666363333035636561373363643532343835663261663936383537383031616338
37346562353533383938663536316561666533643966666537636361323834393763353935303766
38303663323236346338633534653761356633323262323263643166646163373066316433616565
39653837336264666137333536396535326237373766383039303066363166306562373939636631
30363633336666646131356563646666353061663439306236386431393630323866343634663566
34323965616263303462326338656231343736303938363337646539663633373338336365353562
32623635343531313836313163386439383836623764663861343137633833393239323662633862
62333733356133626131396666333264393661613731323236633436613634643031353633323864
61633166393464646336383338663166303866336363363636373232313465613066636332623739
66623431356538346532636336616130656538383363363665373966366361373432653038623335
61623036353366663837333834343364663334383832623035323063313265393562313162623266
35336463383732636663343566383165383864376533653862633864353866323339316562353331
31326130393763366433636334386135373561323661383938643639633732613266383535623162
33343861613834393032616531313565663234336638643332666132323532323639363861616530
39643763376637313266323436376565396537613536356231343164323335373063343364313966
61343631353865306433663437666539643330633031396265646638316232643864376633336663
31356362386261363366346366343761666161373432343661366364386431646133386234323036
34343666333765613131626436353333303539363865623432653531613334646635396633613234
66653038653463333334643064623838363139336339306139616235326533663331666136313963
65303564613939303634633236353637396364336461303461346461653834366161636232396463
34373565663630623764653965663738623632666234613738653136323034343064613537633261
34306536326430313239383039616266323265623136663734663335653063393065663537313237
33666538393030303961366434653463373462653966376635323661353137643531373730306638
63646263303064363564303039376238316134643030323738653835383335306537383363623536
36633465366566666266626433643636366438323865333337653164666465646437666436623366
33373831613038306562653735356637653864393765393361643132656439326261643531373063
63373330313239643865323033313536663930616238356539333334646363373232316336353533
36623833613832303738336136663630323964616166346136666663373537313130363336643366
30383237343935346338646463626339623837633533386236353633366635653134313634643739
64663761663738663438343463376536393764373232653036643732306335636131346163323764
65363530383865656465363334396463323064386139343535393739393330313563333036396166
34333033626537316661633530653565393436663462663234663536656534386664663639383432
33663832346661633230313861333437333161666532633231313533313138306163653364336361
31626265303035626136343037643436323932613164333631613265393039313933363236663231
36336564396138366336346164623037333130666534323363616462386330393235643034336439
37323438303566623566663935356564656532613563663231363936393835383938323139633164
34373762633664323866343764356538393636653236333637393239633266623564323963316630
33613339626434646464346631313764626539306666356266626239626231353634376563363036
62326631643030323332616437653930343531643630346533346163313466666364383930623965
61663536653866613335626634366264623331353732663031636537353232393961343162643038
63643532666135343636653065396566636537343732313539333663616135353065323231656530
65323262653130663362386431343766363463623637346631363935643861623962613432663437
34636665373030613830303835623033396633666165306163383733313537396330616364373430
61633264383833333439636538653630303633653463323063663734333933616336386630633733
61636465666439333166363036336366383961396264396331346663323665323731336663313132
64336565643633366136613738653062333238643635323133636532326432623165663838333964
38393233366234353034373030313462643232666239323565616431393539613161306566306332
37373732376334663264646364393335376437336264383862366465333661303437323132396261
37623562326533666563313539653831386139323933383930333563636636623130316162633833
33326164363561656661623661383261656637383239663466373364383132636231323838316530
30336234646663356333653862323263323462623439653162383635646632313030313736306232
33366432316239346563303238666232636639356434653633366265373932343030326263316139
31336466626661666234363461336662353564376331366130636535663762333731363735656434
36323765616662336333653064613438636634386436303733343366636435636336386332326133
37396564616230303033386561323065303163326465653630363331333437353330363935393365
66613163356332616238656134366466656262303331623639393533613733393461396439303462
31653732326531366461393039623661396462396166366536653130396430366464623364393438
31613835363930343432663764306362633461373166653839626264303332313631666263613035
31653665346633373431366266623338636132373962346461613535656363626635363632353630
31663730366362363565663663376163633835633031643832393834643264313734333133363434
62643662333736313261623966343039316537386332386162613331383131316536353962306338
65373231353537333065396138663232363438633764633939393732636166633834393439336435
31653161333733633733373763663834356537636237373631656633386130623833666630383236
61313965333633383566386132623034613334396439323066353739303634336334653766626333
36373630363061336238383662383962396534613436313366326235646564653731343066306365
31376230383731306266613831363165333937366663306538626261626661356532323732383831
31613763323165396534613539626436343233616430363635656630373264366130353030393762
30353535393030323932326634633134353962666133383263663636666165373032336134356234
39373561623333613861383561326237333939323238366366666331393066383061303831656462
30353933656331333132366163666139323537346438633739653763646165356662323835303232
61333333643138326336623838613535376539623665366333626634313431363662386435656461
33323339343531346161353032343233333165623637383836643363613934363939346263666162
62306131383338353962353438346231643966663934643639326634653430653865326261623265
64313838313331373439633931376662613163666465396530643734646535333537613539303865
33613037663735613937623930346665376135316564663362636337383861303662373737653566
30366433376336306330303937323639343435666230643261623963643031383734393830633465
34393761306132623534643639353863663431643534346236643166393330373962393733653765
39636636666330626433666533323235326639383430383036396635616336366331643438323231
35376136303135376637613234666336663236663362376265346164363636643062613132343834
36326634333537623631383262333834653937383636643232343237386135613963316666373239
35666332636563303836353236326537616532383566663265313166666663343336633732353334
30336139303535386131666134613037646437313837313135316463353434653230323335393764
37383564333236343062646437643663336233323164393764653733636265353430616164663163
38613535303335623564396338386430643235393266653933623661393435383637626165386534
36393762326132353332386438626238363363333937333530393038373830666430336339643066
38383333613230653465653139653763646362373566373364636365396536383431343665663062
66376466353339383039373764346633636337333635646330313337313232623437656230386538
63353234366631613465613435343933383130633839653130353831636133363034636164376539
33383266316238393834633333346330666534396434623830633034616230613036616562376130
34653233373139343934333434343232383833363837326136653338343734373765346130643138
34323561653663656635363439633430366233306530393235373832343832316331313332646165
65666134656166306636323765323666373631393532346365353761353833356231346432643764
39363236623832616433613234346330376337623538666438396231663764333135333237653334
64366336313662346462373361303539323531616336633039396132663338623364623931353837
39333932643437636266333164333461643362386163383932636561656166613531356465333938
30383764613733303761366235346530316136396532353937336131333365343065366232366435
65313730653766336136653261353232613564353933306338393735303336303833616132656336
35666265366232383137613366373462633865313166346538336436376430623836316664653730
65313332353933363531373562653235646334346136636136386532373765366332636539626630
30363930386465613034323534636439636266623239666233313162306333336436326261383361
37666331626639373234373162613962353164383832376530346132356532313334346562383663
39373336333135373166316164353833333230643839653164383165366234663763356566336338
33323437333561346262653337303031323166386439333639373062383039386236373563366531
31323438643433653730396565666566653138376235386465376332363833376664356439323538
38366461373636646666393434383238646664393636343966356131643339336234666365666230
30353739373931643038363265366234336263343165623534623839626435393436653630373532
66636236393266366562373534363263313132633565363962646264383337626561396164383532
38323538336235376637383834353236623737666436343634343835613463306661366666626662
37343663643963623633353031316262643137383261353235343538313138393133643738326636
61373766666534313030313036343734346635663966636235313330353562646563346462653233
39653438636262373730386438336130613730366535353234366431656262346236373363396135
37336565643765316335653433643462663733646163623938386534303938666334656235373063
32376562633464303938643761343230643736393734616339626363303332633866303038386534
62353065626137613139633834343335393861303135656631306162306237346364313662343631
61343230373364376631363832616332633338653235353630313461353962323864643231396339
39303066663261393334333931393432316137303064656235323638623331313566613039313664
39376465336639626435363232356462386433643339313934326634643561366664343639323764
65633466656531643866326163396237643536306236653963616436653465303464623535336230
61306132363636353338356131313530636365663930376332333631393435333737363533356438
39663566336133323264633831323337386166643633623038623731303339666433666463383234
36383831623231643364373331613736306163636664663430643232313666353963306363383936
65353830366163616630386366373331376638643539393366313662613031336633646636613061
61356431646165663862333333343062323036326635363038366636613336303161383535393038
66306330373532386237616338343835316266343461623732326537353530373366356561306363
33306533636162303063323830313632303365636338313634633238336666373035643764663934
36316365343733656564643163343035363864306662393836333566306637333835313366616161
34333834643065666335343231643939626636633738373963326534306562656537316130333364
32336261653765363364616265613338663465633363623633346365393632353862333034343834
63356264653938336165386633623736343464623761306531356462633139393530323131343263
39326433323361623838396131326334303135353361643737363463366630353064353637663337
64653962356566663838653131363764663638346637643632333864376539363639353132633566
64373233633534633932323530633961393637613336656339656337303631616332323132326465
34623563363831666662326335313461643532623962666265373139343464383962303338313938
37643065353562353939643637396366663834623965366533666663626335383962653466646566
32633466323334623431663233333434656531386366376336383663336235313436636262393833
39636132306462323033386463303463666663393038613531643361343661376139353032663039
37323161646366396532373937646663383031613135663365333433656263623164636563303363
30316433623061376534613339653065633738633162356335616338663861626139313031326364
32396362373561336532
